-5.53332e-005 0.050575 
0.000246361 0.0378929 
-0.00590547 0.00496173 
0.0038113 0.0439187 
-0.0427431 -0.0120558 
-0.010363 0.0301127 
-0.000514274 -0.00348499 
0.019977 -0.0287978 
0.00478923 0.00379686 
-0.0418803 -0.0413615 
0.0276548 -0.0293971 
0.00489439 0.0118872 
-0.00193508 0.0332737 
0.012404 -0.0107045 
-0.0171468 -0.00873597 
0.0187908 0.0115374 
0.021617 0.0103661 
0.0101461 -0.023349 
0.00326337 -0.000944864 
0.0333672 0.00619177 
0.0117626 0.00428791 
0.0313977 0.00579986 
-0.0278967 -0.00891914 
-0.0320239 -0.00504472 
-0.0258293 -0.00159841 
0.00449261 -0.0124332 
-0.0346576 -0.00648522 
-0.0349587 -0.00301079 
0.0342391 0.00712985 
-0.0269258 0.000718489 
0.0352963 0.00323984 
0.0341311 0.00751028 
0.0364741 0.00579578 
0.0132762 -0.00861931 
0.0143486 0.00554248 
0.0202072 0.00420711 
0.0164762 0.00375327 
-0.00191114 -0.00359596 
-0.00231513 0.00458704 
0.000815062 0.00668595 
-0.00885727 -0.0126283 
-0.0445941 -0.0205008 
0.00293287 -0.0102735 
-0.0055647 -0.0135044 
-0.0443479 -0.024849 
-0.0114279 -0.0160957 
0.0969425 0.0180046 
