0.838845 0.282122 
0.776604 0.404086 
0.833374 0.407947 
0.751614 0.4512 
0.772476 0.453884 
0.517371 0.492529 
0.717562 0.556852 
0.801627 0.554988 
0.423045 0.552734 
0.472548 0.562087 
0.572708 0.559928 
0.460731 0.59826 
0.833586 0.628248 
0.535363 0.623764 
0.762031 0.645912 
0.414473 0.63672 
0.593987 0.637045 
0.80221 0.663826 
0.751388 0.672512 
0.727718 0.679039 
0.575676 0.66991 
0.801633 0.698413 
0.766623 0.722556 
0.811043 0.720139 
0.734396 0.722839 
0.614186 0.708996 
0.631013 0.714486 
0.656951 0.721188 
0.477998 0.713613 
0.620264 0.726965 
0.637408 0.735388 
0.786232 0.74816 
0.656908 0.742966 
0.750678 0.752041 
0.784741 0.758655 
0.765486 0.762163 
0.489649 0.753 
0.711134 0.772155 
0.731582 0.784909 
0.781192 0.791913 
0.745597 0.817266 
0.700169 0.819627 
0.679481 0.818188 
0.683219 0.862943 
0.727773 0.864524 
0.664115 0.872387 
0.674753 0.872697 
0.708124 0.889226 
0.675484 0.899644 
0.591734 0.910357 
